/* This file contains CPU clock cycle counts from running executables getsyms_dl and getsections_dl on server csa2.bu.edu */

/* Execute getsyms_dl on 'objsym.o' 50 times using RTLD_LAZY 
		Bash command: ./getsyms_dl objsym.o 0
		Average: 149872.54
*/
267287
160813
138176
135685
132860
139168
143672
142642
212730
151842
153349
137440
133030
131394
138492
131029
130384
133572
131766
138260
146161
131783
135422
170982
134717
129599
134096
241274
130728
130680
130873
129604
131081
128702
130295
129258
129388
137207
132340
129558
126911
129775
132186
134219
133958
141712
131370
140096
133562
141000

/* Execute getsyms_dl on 'objsym.o' 50 times using RTLD_NOW 
		Bash command: ./getsyms_dl objsym.o 1
		Average: 140320.32
*/
134360
132342
133215
130255
129133
131341
128816
131736
137413
141090
132142
132147
130200
131207
132961
136139
129183
129232
141562
133404
131985
132136
133673
161934
158183
199757
128078
130963
130754
133068
232538
130646
159518
138543
141925
134978
141502
131823
135856
130746
140734
128849
180918
138047
132912
130108
132977
131425
133344
190218

/* Execute getsections_dl on 'objsym.o' 50 times using RTLD_LAZY 
		Bash command: ./getsections_dl objsym.o 0
		Average: 145157.6
*/
242266
211990
136804
133685
134534
131144
133182
146988
233700
133520
136377
136500
130141
176424
171337
149100
134485
137954
145707
138255
138760
147312
130983
129920
144028
135373
131927
145789
137220
139904
134235
132828
130781
139782
133460
211699
141550
131571
128368
148464
131866
135472
144691
135198
132664
131366
132332
129303
130958
145983

/* Execute getsections_dl on 'objsym.o' 50 times using RTLD_NOW 
		Bash command: ./getsections_dl objsym.o 1
		Average: 141069.7
*/
140590
163520
130194
130130
132622
132913
158668
200714
128089
134320
190150
132438
134797
157205
134686
130210
129066
131740
137950
133297
134439
188007
132762
132675
131467
132011
131944
138847
134721
144695
140246
133854
139219
130818
131496
133488
169480
140974
136135
155246
131803
132720
134040
138011
130242
151995
141027
140931
144929
131964


